 gamma |  beta0 |   ring_r | sigma_r |       M | morphology
-----------------------------------------------------------
  0.00 |   0.00 |    2.399 |   0.856 |   0.000 | single
  0.00 |   0.10 |    2.399 |   0.856 |   0.000 | single
  0.00 |   0.20 |    2.399 |   0.856 |   0.000 | single
  0.05 |   0.00 |    2.399 |   0.856 |   0.000 | single
  0.05 |   0.10 |    2.399 |   0.856 |   0.000 | single
  0.05 |   0.20 |    2.399 |   0.856 |   0.000 | single
  0.10 |   0.00 |    2.399 |   0.856 |   0.000 | single
  0.10 |   0.10 |    2.399 |   0.856 |   0.000 | single
  0.10 |   0.20 |    2.399 |   0.856 |   0.000 | single
  0.20 |   0.00 |    2.399 |   0.856 |   0.000 | single
  0.20 |   0.10 |    2.399 |   0.856 |   0.000 | single
  0.20 |   0.20 |    2.399 |   0.856 |   0.000 | single
